S 16 2 7 1895 2716 0.0036939315 0.0025773195
S 9 10 6 1670 1444 0.0035928143 0.0041551245
S 19 9 1 1087 1670 0.0009199632 0.0005988024
S 12 3 6 878 2578 0.006833713 0.0023273856
S 10 19 4 1444 1087 0.002770083 0.0036798527
S 8 2 6 1944 2716 0.0030864198 0.0022091311
S 6 13 18 2331 677 0.0077220076 0.026587889
S 0 7 18 3780 2013 0.004761905 0.008941878
S 16 5 6 1895 2386 0.003166227 0.002514669
S 14 10 2 544 1444 0.0036764706 0.0013850415
S 9 3 6 1670 2578 0.0035928143 0.0023273856
S 7 18 60 2013 62 0.02980626 0.9677419
S 5 0 11 2386 3780 0.0046102265 0.002910053
S 3 17 56 2578 32 0.021722265 1.75
S 1 6 8 2835 2331 0.0028218694 0.0034320035
S 13 2 1 677 2716 0.0014771048 0.0003681885
S 11 19 1 1377 1087 0.0007262164 0.0009199632
S 8 11 13 1944 1377 0.006687243 0.009440813
S 6 10 1 2331 1444 0.00042900044 0.00069252076
S 2 5 15 2716 2386 0.0055228276 0.0062866723
S 0 14 1 3780 544 0.00026455027 0.0018382353
S 16 12 9 1895 878 0.0047493405 0.010250569
S 14 5 2 544 2386 0.0036764706 0.000838223
S 10 0 5 1444 3780 0.0034626038 0.0013227513
S 8 19 4 1944 1087 0.002057613 0.0036798527
S 5 11 4 2386 1377 0.001676446 0.0029048657
S 3 8 8 2578 1944 0.0031031808 0.004115226
S 7 3 6 2013 2578 0.002980626 0.0023273856
S 5 19 1 2386 1087 0.0004191115 0.0009199632
S 20 16 21 66 1895 0.3181818 0.011081794
S 2 12 8 2716 878 0.002945508 0.009111618
S 10 9 6 1444 1670 0.0041551245 0.0035928143
S 20 8 5 66 1944 0.07575758 0.0025720166
S 1 16 21 2835 1895 0.0074074073 0.011081794
S 13 16 1 677 1895 0.0014771048 0.0005277045
S 11 1 27 1377 2835 0.019607844 0.00952381
S 7 12 24 2013 878 0.011922504 0.027334852
S 1 8 39 2835 1944 0.013756614 0.020061728
S 2 11 5 2716 1377 0.0018409425 0.0036310821
S 8 1 39 1944 2835 0.020061728 0.013756614
S 6 16 2 2331 1895 0.0008580009 0.001055409
S 20 1 3 66 2835 0.045454547 0.0010582011
S 2 19 7 2716 1087 0.0025773195 0.0064397426
S 16 6 2 1895 2331 0.001055409 0.0008580009
S 11 8 13 1377 1944 0.009440813 0.006687243
S 9 14 4 1670 544 0.0023952096 0.007352941
S 1 3 14 2835 2578 0.004938272 0.005430566
S 11 16 8 1377 1895 0.0058097313 0.004221636
S 12 7 24 878 2013 0.027334852 0.011922504
S 8 6 6 1944 2331 0.0030864198 0.0025740026
S 0 11 8 3780 1377 0.0021164021 0.0058097313
S 16 9 7 1895 1670 0.0036939315 0.0041916166
S 14 6 3 544 2331 0.005514706 0.0012870013
S 10 7 2 1444 2013 0.0013850415 0.000993542
S 13 14 1 677 544 0.0014771048 0.0018382353
S 7 6 2 2013 2331 0.000993542 0.0008580009
S 20 19 11 66 1087 0.16666667 0.010119596
S 2 1 14 2716 2835 0.005154639 0.004938272
S 4 16 5 97 1895 0.05154639 0.0026385225
S 14 1 7 544 2835 0.012867647 0.002469136
S 10 12 5 1444 878 0.0034626038 0.005694761
S 20 11 4 66 1377 0.060606062 0.0029048657
S 3 4 10 2578 97 0.003878976 0.10309278
S 9 16 7 1670 1895 0.0041916166 0.0036939315
S 19 3 2 1087 2578 0.0018399263 0.0007757952
S 2 8 6 2716 1944 0.0022091311 0.0030864198
S 12 9 9 878 1670 0.010250569 0.0053892215
S 20 12 1 66 878 0.015151516 0.0011389522
S 2 16 7 2716 1895 0.0025773195 0.0036939315
S 0 1 30 3780 2835 0.007936508 0.01058201
S 1 20 3 2835 66 0.0010582011 0.045454547
S 16 3 13 1895 2578 0.0068601584 0.005042669
S 11 5 4 1377 2386 0.0029048657 0.001676446
S 7 8 7 2013 1944 0.003477397 0.003600823
S 19 8 4 1087 1944 0.0036798527 0.002057613
S 1 12 51 2835 878 0.017989418 0.05808656
S 12 0 12 878 3780 0.013667426 0.0031746032
S 8 5 6 1944 2386 0.0030864198 0.002514669
S 6 12 7 2331 878 0.003003003 0.007972665
S 0 8 15 3780 1944 0.003968254 0.0077160494
S 16 10 10 1895 1444 0.005277045 0.0069252076
S 14 11 60 544 1377 0.11029412 0.043572985
S 11 12 9 1377 878 0.006535948 0.010250569
S 5 1 18 2386 2835 0.0075440067 0.0063492064
S 3 14 3 2578 544 0.0011636928 0.005514706
S 1 7 18 2835 2013 0.0063492064 0.008941878
S 11 20 4 1377 66 0.0029048657 0.060606062
S 8 10 18 1944 1444 0.009259259 0.012465374
S 6 5 15 2331 2386 0.0064350064 0.0062866723
S 2 6 5 2716 2331 0.0018409425 0.0021450021
S 16 13 1 1895 677 0.0005277045 0.0014771048
S 12 19 2 878 1087 0.0022779044 0.0018399263
S 10 3 4 1444 2578 0.002770083 0.0015515904
S 5 8 6 2386 1944 0.002514669 0.0030864198
S 3 9 6 2578 1670 0.0023273856 0.0035928143
S 9 19 1 1670 1087 0.0005988024 0.0009199632
S 7 2 13 2013 2716 0.0064580226 0.004786451
S 5 16 6 2386 1895 0.002514669 0.003166227
S 6 2 5 2331 2716 0.0021450021 0.0018409425
S 4 20 2 97 66 0.020618556 0.030303031
S 2 13 1 2716 677 0.0003681885 0.0014771048
S 16 20 21 1895 66 0.011081794 0.3181818
S 12 10 5 878 1444 0.005694761 0.0034626038
S 10 8 18 1444 1944 0.012465374 0.009259259
S 3 0 9 2578 3780 0.0034910783 0.0023809525
S 11 2 5 1377 2716 0.0036310821 0.0018409425
S 9 20 5 1670 66 0.002994012 0.07575758
S 7 11 3 2013 1377 0.001490313 0.0021786492
S 19 7 5 1087 2013 0.004599816 0.002483855
S 1 9 16 2835 1670 0.005643739 0.0095808385
S 14 20 1 544 66 0.0018382353 0.015151516
S 12 13 3 878 677 0.0034168565 0.0044313148
S 8 0 15 1944 3780 0.0077160494 0.003968254
S 20 0 1 66 3780 0.015151516 0.00026455027
S 4 3 10 97 2578 0.10309278 0.003878976
S 0 5 11 3780 2386 0.002910053 0.0046102265
S 16 7 9 1895 2013 0.0047493405 0.004470939
S 14 12 1 544 878 0.0018382353 0.0011389522
S 11 9 6 1377 1670 0.0043572984 0.0035928143
S 5 2 15 2386 2716 0.0062866723 0.0055228276
S 19 12 2 1087 878 0.0018399263 0.0022779044
S 1 0 30 2835 3780 0.01058201 0.007936508
S 3 19 2 2578 1087 0.0007757952 0.0018399263
S 13 0 1 677 3780 0.0014771048 0.00026455027
S 8 9 7 1944 1670 0.003600823 0.0041916166
S 6 8 6 2331 1944 0.0025740026 0.0030864198
S 0 12 12 3780 878 0.0031746032 0.013667426
S 16 14 1 1895 544 0.0005277045 0.0018382353
S 10 6 1 1444 2331 0.00069252076 0.00042900044
S 3 10 4 2578 1444 0.0015515904 0.002770083
S 7 5 3 2013 2386 0.001490313 0.0012573345
S 8 14 2 1944 544 0.0010288066 0.0036764706
S 6 1 8 2331 2835 0.0034320035 0.0028218694
S 0 19 1 3780 1087 0.00026455027 0.0009199632
S 20 10 4 66 1444 0.060606062 0.002770083
S 5 12 8 2386 878 0.003352892 0.009111618
S 3 5 3 2578 2386 0.0011636928 0.0012573345
S 19 2 7 1087 2716 0.0064397426 0.0025773195
S 1 10 13 2835 1444 0.004585538 0.00900277
S 12 14 1 878 544 0.0011389522 0.0018382353
S 10 20 4 1444 66 0.002770083 0.060606062
S 20 3 6 66 2578 0.09090909 0.0023273856
S 0 2 20 3780 2716 0.005291005 0.00736377
S 16 0 45 1895 3780 0.023746701 0.011904762
S 11 6 6 1377 2331 0.0043572984 0.0025740026
S 9 8 7 1670 1944 0.0041916166 0.003600823
S 19 11 1 1087 1377 0.0009199632 0.0007262164
S 1 13 2 2835 677 0.00070546736 0.0029542097
S 3 20 6 2578 66 0.0023273856 0.09090909
S 13 5 1 677 2386 0.0014771048 0.0004191115
S 14 16 1 544 1895 0.0018382353 0.0005277045
S 12 1 51 878 2835 0.05808656 0.017989418
S 20 4 2 66 97 0.030303031 0.020618556
S 0 9 1 3780 1670 0.00026455027 0.0005988024
S 16 11 8 1895 1377 0.004221636 0.0058097313
S 14 8 2 544 1944 0.0036764706 0.0010288066
S 10 5 4 1444 2386 0.002770083 0.001676446
S 11 13 2 1377 677 0.0014524328 0.0029542097
S 9 1 16 1670 2835 0.0095808385 0.005643739
S 7 16 9 2013 1895 0.004470939 0.0047493405
S 5 6 15 2386 2331 0.0062866723 0.0064350064
S 19 16 34 1087 1895 0.031278748 0.017941952
S 17 3 56 32 2578 1.75 0.021722265
S 13 12 3 677 878 0.0044313148 0.0034168565
S 8 13 10 1944 677 0.005144033 0.014771049
S 2 7 13 2716 2013 0.004786451 0.0064580226
S 0 16 45 3780 1895 0.011904762 0.023746701
S 14 3 3 544 2578 0.005514706 0.0011636928
S 12 16 9 878 1895 0.010250569 0.0047493405
S 10 2 1 1444 2716 0.00069252076 0.0003681885
S 5 9 3 2386 1670 0.0012573345 0.0017964072
S 13 11 2 677 1377 0.0029542097 0.0014524328
S 7 1 18 2013 2835 0.008941878 0.0063492064
S 19 1 3 1087 2835 0.0027598897 0.0010582011
S 12 11 9 878 1377 0.010250569 0.006535948
S 10 11 8 1444 1377 0.005540166 0.0058097313
S 20 14 1 66 544 0.015151516 0.0018382353
S 3 1 14 2578 2835 0.005430566 0.004938272
S 11 3 2 1377 2578 0.0014524328 0.0007757952
S 9 11 6 1670 1377 0.0035928143 0.0043572984
S 7 10 2 2013 1444 0.000993542 0.0013850415
S 1 14 7 2835 544 0.002469136 0.012867647
S 12 2 8 878 2716 0.009111618 0.002945508
S 10 16 10 1444 1895 0.0069252076 0.005277045
S 8 3 8 1944 2578 0.004115226 0.0031031808
S 0 6 7 3780 2331 0.0018518518 0.003003003
S 16 4 5 1895 97 0.0026385225 0.05154639
S 14 13 1 544 677 0.0018382353 0.0014771048
S 11 10 8 1377 1444 0.0058097313 0.005540166
S 9 12 9 1670 878 0.0053892215 0.010250569
S 7 19 5 2013 1087 0.002483855 0.004599816
S 5 3 3 2386 2578 0.0012573345 0.0011636928
S 3 16 13 2578 1895 0.005042669 0.0068601584
S 13 1 2 677 2835 0.0029542097 0.00070546736
S 12 5 8 878 2386 0.009111618 0.003352892
S 6 11 6 2331 1377 0.0025740026 0.0043572984
S 18 7 60 62 2013 0.9677419 0.02980626
S 0 13 1 3780 677 0.00026455027 0.0014771048
S 10 1 13 1444 2835 0.00900277 0.004585538
S 8 16 17 1944 1895 0.008744856 0.008970976
S 9 5 3 1670 2386 0.0017964072 0.0012573345
S 5 10 4 2386 1444 0.001676446 0.002770083
S 19 20 11 1087 66 0.010119596 0.16666667
S 3 11 2 2578 1377 0.0007757952 0.0014524328
S 13 8 10 677 1944 0.014771049 0.005144033
S 6 0 7 2331 3780 0.003003003 0.0018518518
S 2 3 8 2716 2578 0.002945508 0.0031031808
S 0 20 1 3780 66 0.00026455027 0.015151516
S 12 20 1 878 66 0.0011389522 0.015151516
S 10 14 2 1444 544 0.0013850415 0.0036764706
S 20 9 5 66 1670 0.07575758 0.002994012
S 5 13 1 2386 677 0.0004191115 0.0014771048
S 3 2 8 2578 2716 0.0031031808 0.002945508
S 1 19 3 2835 1087 0.0010582011 0.0027598897
S 11 0 8 1377 3780 0.0058097313 0.0021164021
S 19 5 1 1087 2386 0.0009199632 0.0004191115
S 1 11 27 2835 1377 0.00952381 0.019607844
S 2 10 1 2716 1444 0.0003681885 0.00069252076
S 0 3 9 3780 2578 0.0023809525 0.0034910783
S 16 1 21 1895 2835 0.011081794 0.0074074073
S 11 7 3 1377 2013 0.0021786492 0.001490313
S 19 10 4 1087 1444 0.0036798527 0.002770083
S 1 2 14 2835 2716 0.004938272 0.005154639
S 13 6 18 677 2331 0.026587889 0.0077220076
S 12 6 7 878 2331 0.007972665 0.003003003
S 8 7 7 1944 2013 0.003600823 0.003477397
S 6 14 3 2331 544 0.0012870013 0.005514706
S 0 10 5 3780 1444 0.0013227513 0.0034626038
S 16 8 17 1895 1944 0.008970976 0.008744856
S 14 9 4 544 1670 0.007352941 0.0023952096
S 11 14 60 1377 544 0.043572985 0.11029412
S 9 0 1 1670 3780 0.0005988024 0.00026455027
S 5 7 3 2386 2013 0.0012573345 0.001490313
S 3 12 6 2578 878 0.0023273856 0.006833713
S 1 5 18 2835 2386 0.0063492064 0.0075440067
S 8 12 21 1944 878 0.010802469 0.023917995
S 6 7 2 2331 2013 0.0008580009 0.000993542
S 2 0 20 2716 3780 0.00736377 0.005291005
S 16 19 34 1895 1087 0.017941952 0.031278748
S 14 0 1 544 3780 0.0018382353 0.00026455027
S 8 20 5 1944 66 0.0025720166 0.07575758
S 5 14 2 2386 544 0.000838223 0.0036764706
S 3 7 6 2578 2013 0.0023273856 0.002980626
S 7 0 18 2013 3780 0.008941878 0.004761905
S 19 0 1 1087 3780 0.0009199632 0.00026455027
S 12 8 21 878 1944 0.023917995 0.010802469
P ctg000000_P ctg000000_P
P ctg000001_P ctg000001_P
P ctg000002_P ctg000002_P
P ctg000003_P ctg000003_P
P ctg000004_P ctg000004_P
P ctg000005_P ctg000005_P
P ctg000006_P ctg000006_P
P ctg000007_P ctg000007_P
P ctg000008_P ctg000008_P
P ctg000009_P ctg000009_P
P ctg000010_P ctg000010_P
P ctg000011_P ctg000011_P
P ctg000012_P ctg000012_P
P ctg000013_P ctg000013_P
P ctg000014_P ctg000014_P
P ctg000015_P ctg000015_P
P ctg000022_P ctg000022_P
A ctg000023_P ctg000003_P
A ctg000024_P ctg000007_P
P ctg000107_P ctg000107_P
P ctg000108_P ctg000108_P
P ctg000121_P ctg000121_P
